100
666.32
59.14
0.567251
726.18
91.81
0.445433
411.63
121.19
0.657164
771.42
98.26
0.327457
752.34
105.79
0.238076
755.48
93.87
0.661552
724.36
109.01
0.607324
651.76
40.16
0.618335
816.49
48.12
0.392065
743.33
72.38
0.282236
798.69
25.00
0.462654
775.37
67.98
0.288251
803.34
85.11
0.615008
770.05
57.72
0.356393
790.70
115.47
0.374563
763.89
62.60
0.422427
560.94
75.69
0.623152
682.84
70.92
0.710418
789.36
41.51
0.464071
688.54
25.00
0.470637
685.65
117.40
0.374109
664.37
60.47
0.471125
788.42
81.97
0.649465
744.61
58.78
0.304164
629.91
53.09
0.555707
749.35
91.08
0.320664
320.02
105.77
0.537918
735.68
61.35
0.553569
753.69
95.48
0.553482
314.95
64.71
0.492822
623.02
70.06
0.231840
721.67
127.78
0.623782
764.09
50.14
0.600552
440.38
32.08
0.222752
625.74
69.19
0.576883
572.30
43.63
0.254215
434.65
94.03
0.484826
699.31
83.55
0.583748
662.23
67.59
0.373575
771.44
82.56
0.336033
665.94
81.37
0.309177
830.47
25.65
0.311438
733.02
35.95
0.796535
682.19
102.96
0.417572
632.43
58.82
0.759976
850.00
50.04
0.336541
756.32
25.00
0.418554
681.59
57.93
0.663599
723.87
85.62
0.307018
850.00
92.98
0.312175
667.65
47.56
0.453271
456.36
25.00
0.404381
681.32
63.77
0.406781
745.26
77.34
0.592818
816.07
89.89
0.474498
731.07
50.75
0.666180
718.36
25.45
0.458299
736.97
100.87
0.583479
730.02
83.58
0.566071
790.91
50.29
0.450787
612.78
107.40
0.307790
735.11
110.13
0.593124
650.96
35.90
0.659537
809.21
103.63
0.214724
575.72
36.50
0.314781
393.40
75.11
0.658694
760.77
52.56
0.360031
662.96
64.71
0.763972
849.85
56.77
0.494174
506.19
58.57
0.256462
478.65
92.02
0.681717
791.14
57.94
0.565583
524.52
62.41
0.650025
828.99
97.97
0.538594
715.53
74.80
0.460182
796.32
65.61
0.745736
681.47
88.33
0.331456
762.59
81.18
0.494033
721.89
48.25
0.439109
727.21
78.58
0.462465
643.47
46.41
0.772885
378.77
61.33
0.313590
398.24
69.92
0.556451
748.86
79.38
0.507354
468.66
46.38
0.357116
708.94
66.60
0.556570
823.21
41.92
0.289326
737.94
102.81
0.628045
767.56
49.09
0.292485
442.55
98.34
0.461932
729.96
55.49
0.467250
685.66
87.85
0.286732
300.00
61.91
0.525843
782.87
73.05
0.614665
716.93
97.43
0.256574
761.83
59.84
0.310592
844.48
81.93
0.605078
826.21
113.45
0.559255
826.77
83.89
0.285090
470.29
44.01
0.493519
