100
784.74
124635.46
0.310650
796.84
7830.13
0.186767
754.05
54413.09
0.311767
850.00
80533.13
0.507417
850.00
25347.26
0.148834
834.44
54189.19
0.202758
665.22
78547.10
0.199868
702.62
57119.28
0.022447
771.06
11056.53
0.332490
650.11
56217.07
0.051916
671.88
38350.51
0.251111
739.12
51276.48
0.328998
806.10
25771.05
0.265571
758.16
37564.16
0.382011
699.97
26025.26
0.108101
791.17
72610.94
0.236023
754.61
104161.27
0.510965
530.60
41514.17
0.229689
803.73
28567.40
0.429009
667.98
67183.81
0.488441
845.31
53186.49
0.297167
663.01
81636.35
0.223799
806.67
142028.77
0.254591
850.00
58911.55
0.218965
721.93
92116.81
0.497684
591.92
64605.44
0.312993
694.49
74628.90
0.195103
733.62
30409.13
0.063736
850.00
37827.33
0.073522
704.53
40186.31
0.107776
728.75
51458.79
0.222917
726.07
32166.14
0.163409
802.48
47542.23
0.327979
558.79
85976.48
0.272801
728.49
244989.99
0.206718
659.42
6099.63
0.071835
727.39
222120.75
0.044368
811.66
30342.81
0.233071
850.00
25781.90
0.141573
820.11
53460.96
0.291331
850.00
11662.01
0.080106
756.90
109395.57
0.137125
850.00
61528.26
0.350052
797.75
87827.67
0.366544
737.40
103970.81
0.145633
838.94
71527.69
0.298901
743.48
28006.81
0.120915
806.03
14780.60
0.049965
762.88
21110.09
0.292655
693.06
83673.82
0.255333
666.90
62236.71
0.054804
558.38
28851.08
0.305117
698.68
91999.28
0.317892
812.68
35165.97
0.184669
736.35
47501.28
0.141185
690.13
81371.35
0.183028
731.81
66535.83
0.069244
767.37
24445.44
0.211466
767.37
80424.72
0.412342
825.24
31453.36
0.044944
706.06
19848.31
0.319015
703.67
53536.06
0.168976
658.57
78688.10
0.235708
850.00
36897.83
0.255496
633.30
26164.87
0.298864
793.87
56081.46
0.323965
748.50
12292.47
0.153174
712.68
37664.93
0.411760
757.27
64952.80
0.082692
668.87
24480.03
0.093980
697.75
20406.46
0.209734
724.86
18841.16
0.252015
794.50
27614.70
0.367511
745.59
29809.42
0.282048
812.04
32602.24
0.362606
750.43
55219.22
0.110096
618.18
87697.31
0.067655
849.31
259861.99
0.130668
645.97
30762.00
0.301655
711.82
50561.81
0.147146
758.32
75748.77
0.099080
745.12
21156.07
0.082942
831.09
56130.94
0.324644
825.69
26215.76
0.024627
719.01
16961.69
0.197014
632.30
107267.09
0.252943
690.71
52760.62
0.243627
786.56
32171.25
0.114674
722.86
68700.27
0.204848
764.10
34121.21
0.233743
750.04
55336.35
0.138135
789.59
16066.24
0.159956
586.26
9886.54
0.278429
733.29
47365.07
0.483185
715.69
71810.68
0.098477
655.61
100708.93
0.103586
675.45
92787.50
0.259144
776.21
32882.23
0.124520
712.45
52408.00
0.130653
849.84
44337.32
0.247286
