100
759.74
32512.78
0.185330
846.34
67100.57
0.127974
739.36
7858.69
0.059260
647.36
11732.96
0.407917
676.45
39685.38
0.075821
671.95
28757.24
0.073542
785.80
13675.01
0.441493
779.08
41651.58
0.218657
683.15
84600.70
0.435493
665.85
59239.33
0.261147
652.86
28357.03
0.184601
631.49
13947.21
0.210727
748.93
21674.77
0.158147
510.42
70089.06
0.244402
702.43
48324.31
0.437913
655.32
24308.82
0.294259
727.77
78819.52
0.149072
743.69
44749.89
0.228773
692.58
19114.04
0.166184
740.60
34215.82
0.035509
724.82
260561.37
0.168803
811.43
66273.57
0.396305
766.95
209476.01
0.129813
595.95
38363.06
0.079585
657.34
28067.03
0.434763
591.40
42095.96
0.188549
761.76
46054.82
0.215493
743.45
20506.94
0.387672
642.03
68163.72
0.432271
785.76
165617.20
0.238698
713.83
47711.21
0.187614
698.83
320018.90
0.369109
634.33
53422.00
0.143398
757.86
34260.11
0.219736
737.13
13405.35
0.204071
724.66
14554.04
0.213034
609.79
17149.77
0.233889
761.20
791895.88
0.199569
694.78
66647.67
0.135997
850.00
8153.38
0.463111
682.25
86782.52
0.314424
661.57
43181.48
0.269611
557.99
42157.31
0.098559
760.40
72591.58
0.096761
850.00
50210.80
0.054870
850.00
82948.25
0.073506
755.51
67488.15
0.111296
699.79
13383.44
0.547418
835.30
11513.90
0.350947
735.92
22467.53
0.249367
846.88
13490.59
0.029557
670.18
73717.27
0.195789
787.97
77777.61
0.315560
770.37
56465.75
0.131330
729.39
21261.17
0.372045
807.90
26204.01
0.160284
721.68
29990.03
0.287463
709.59
167686.95
0.440935
622.86
67274.91
0.293209
648.22
6822.53
0.499569
694.29
59342.03
0.352373
679.44
56799.76
0.467075
607.40
21345.97
0.346863
838.03
28513.72
0.188194
653.82
53860.31
0.176072
687.90
38396.52
0.321891
658.16
224270.69
0.135397
658.61
33231.53
0.412219
672.05
82957.22
0.035368
850.00
57358.60
0.464360
850.00
34238.67
0.333497
828.31
45274.90
0.405210
672.05
44690.29
0.246903
723.76
28270.69
0.051214
761.16
84826.01
0.365178
660.12
39810.63
0.239990
850.00
16053.68
0.142342
829.49
25670.04
0.117326
579.30
73780.58
0.117112
725.93
79637.30
0.426169
715.56
36135.85
0.388339
773.57
15047.97
0.275353
796.41
25403.78
0.189968
656.57
11530.25
0.097383
722.82
54812.37
0.367131
702.32
20148.20
0.305575
535.85
21999.62
0.017686
744.90
16683.66
0.377205
736.28
31271.92
0.256385
633.48
43242.46
0.322501
838.40
242671.39
0.438203
704.77
110922.33
0.141405
765.04
25172.62
0.175278
650.88
4903.93
0.315571
647.39
43908.34
0.207655
641.80
186214.85
0.467757
765.65
45424.45
0.006291
647.65
14598.68
0.299955
723.79
22436.07
0.260565
835.33
8811.43
0.085202
