100
808.19
105.68
0.786664
819.54
55.35
0.693379
343.62
108.64
0.555505
572.72
73.21
0.518684
362.02
112.05
0.558602
784.61
38.42
0.358946
711.15
100.23
0.259861
800.77
95.52
0.489986
425.99
95.67
0.553025
725.88
100.31
0.685710
789.23
100.05
0.413171
800.66
117.30
0.317920
787.77
86.42
0.518171
674.63
114.91
0.600898
756.05
81.26
0.608199
776.12
43.73
0.380662
732.38
88.69
0.354867
801.97
101.04
0.273076
356.81
101.01
0.250057
578.19
95.49
0.319082
378.79
82.55
0.431379
782.66
86.40
0.478057
362.48
110.69
0.523676
454.34
100.56
0.485264
765.16
65.92
0.470043
741.03
94.51
0.428571
832.40
72.18
0.557756
762.47
136.61
0.318469
810.27
81.23
0.220414
808.35
75.88
0.359359
699.31
83.92
0.624534
850.00
63.41
0.298022
696.61
112.24
0.371298
698.54
64.94
0.220767
816.37
43.48
0.406885
690.27
103.06
0.600487
614.17
105.02
0.342932
763.72
35.96
0.379019
746.99
54.46
0.398386
727.26
78.65
0.597257
815.24
92.00
0.255479
741.48
77.84
0.230142
785.22
60.70
0.508067
422.07
95.40
0.669729
731.85
73.55
0.445936
565.95
85.27
0.257545
689.46
79.97
0.380715
531.28
79.28
0.363731
659.36
81.32
0.459767
850.00
124.16
0.735631
795.88
44.58
0.533314
773.58
92.22
0.570257
830.74
113.43
0.296498
825.91
35.52
0.340876
648.79
85.93
0.470671
833.35
93.29
0.612054
732.48
111.71
0.544149
646.31
95.76
0.547381
777.18
145.61
0.649351
615.30
46.00
0.261134
622.08
92.24
0.579449
732.09
97.91
0.464636
762.53
103.77
0.322596
822.44
70.94
0.728608
651.02
80.31
0.295340
729.01
68.19
0.330349
692.91
60.50
0.461272
751.71
88.69
0.278460
762.68
85.14
0.242458
772.81
97.68
0.596312
599.38
92.98
0.540026
842.26
126.61
0.743764
812.23
140.62
0.503925
677.03
147.35
0.241344
674.11
81.75
0.449418
828.89
66.05
0.283883
726.67
88.27
0.394158
848.45
65.54
0.444221
798.51
111.10
0.295098
819.23
67.28
0.542434
703.83
110.45
0.457992
724.79
90.88
0.496962
770.25
83.20
0.546056
826.12
116.46
0.588777
775.60
95.99
0.356722
726.52
58.22
0.731228
721.22
65.86
0.320562
774.52
128.85
0.453042
787.92
63.20
0.264594
633.10
94.37
0.351519
614.35
130.61
0.617835
617.70
95.96
0.206064
850.00
84.18
0.341006
711.27
131.30
0.642662
300.00
36.40
0.498517
750.68
97.77
0.506554
850.00
102.93
0.342771
550.84
82.04
0.414704
407.27
59.58
0.637800
806.68
35.90
0.733544
