100
661.79
28418.70
0.145102
766.06
19855.51
0.177640
763.34
16871.08
0.172741
636.71
6295.90
0.130248
814.96
25860.93
0.197023
731.64
20898.15
0.207945
621.57
33782.87
0.156867
850.00
57674.25
0.312807
753.87
28214.67
0.091395
626.22
25447.87
0.151675
686.16
86162.68
0.368224
701.44
47496.04
0.267811
850.00
66360.70
0.273163
625.59
41902.55
0.082044
691.20
19953.12
0.056840
805.49
19928.75
0.066150
766.78
188712.28
0.276273
705.53
86352.08
0.148619
820.82
33822.21
0.072779
632.05
16310.16
0.112996
661.96
7038.65
0.248721
683.70
85240.66
0.159542
728.07
65084.67
0.203387
645.32
18996.48
0.501007
779.50
63557.94
0.166833
660.35
125025.92
0.133780
577.89
11207.31
0.030033
663.09
15085.88
0.214548
816.26
38411.46
0.082371
804.91
48155.19
0.086972
703.62
14562.74
0.083015
781.16
24079.43
0.326450
839.82
17769.07
0.053855
732.71
66154.04
0.179365
682.96
31445.56
0.099793
661.33
294564.42
0.422077
637.81
182897.51
0.384848
694.73
50583.42
0.115576
756.87
29589.89
0.101127
697.95
6443.83
0.217346
768.30
65795.60
0.155572
710.20
74585.64
0.040169
734.29
28749.32
0.149891
667.55
37562.40
0.390744
734.71
70253.83
0.397793
701.39
107855.46
0.102153
707.62
39569.40
0.074807
612.84
28641.48
0.216844
682.62
18561.25
0.151367
645.60
19394.25
0.394576
799.73
48646.71
0.368344
712.82
27833.61
0.080684
697.70
61455.24
0.139267
580.02
29898.98
0.333543
747.93
254960.56
0.211147
779.79
32301.74
0.429158
812.77
145993.34
0.221669
716.55
16060.08
0.406146
755.61
12589.64
0.173740
670.11
15521.75
0.158019
635.91
154155.30
0.182376
714.75
8616.72
0.078103
743.27
17458.65
0.022263
659.36
236359.51
0.261754
774.05
29007.05
0.180927
621.69
58585.20
0.150055
748.13
14258.28
0.247826
744.92
59990.16
0.090888
738.49
48497.08
0.356272
789.96
23658.97
0.067678
714.45
58116.23
0.578972
692.87
9830.01
0.099624
850.00
13499.24
0.101443
807.43
10338.82
0.135022
744.23
46771.19
0.307146
701.62
20533.52
0.045254
825.36
18992.39
0.121600
784.90
97888.06
0.087352
629.03
334537.49
0.047928
655.72
106340.28
0.181359
714.11
21013.80
0.365470
790.51
79233.09
0.080953
706.89
66168.74
0.234612
850.00
91211.68
0.442543
659.46
73051.09
0.172453
668.00
72217.52
0.127048
712.44
8676.59
0.314192
758.75
4306.11
0.168673
697.80
32882.34
0.072533
768.55
64800.39
0.113972
741.50
56029.80
0.164465
850.00
80759.94
0.263254
687.46
55001.76
0.405549
585.97
107816.66
0.258358
664.89
9646.97
0.111217
761.70
91275.01
0.380891
732.06
47086.49
0.154656
648.61
27760.46
0.317800
657.94
80020.52
0.412826
649.06
119256.06
0.386432
