100
805.42
44.15
0.315285
698.24
26.90
0.242993
829.80
25.00
0.379163
785.99
34.11
0.403862
700.77
54.92
0.560303
604.44
32.00
0.531372
685.83
65.29
0.339562
378.88
77.49
0.312623
742.53
88.45
0.775739
300.00
76.06
0.308668
638.50
78.95
0.527006
698.05
25.00
0.451113
708.02
85.10
0.466183
710.28
57.54
0.366492
699.47
25.00
0.521082
629.63
51.71
0.699626
395.54
63.90
0.542381
574.10
69.55
0.487483
712.38
71.19
0.405782
753.91
69.68
0.335407
619.87
29.60
0.672329
751.23
74.43
0.253576
755.41
48.18
0.521688
658.97
59.63
0.407109
801.48
84.55
0.352234
833.12
66.28
0.607143
405.70
58.93
0.269566
707.68
96.09
0.667696
788.72
41.64
0.281930
835.23
25.00
0.288134
462.20
25.00
0.276554
850.00
25.46
0.371319
788.50
67.17
0.373232
685.39
34.44
0.545974
686.11
25.00
0.470326
562.42
82.64
0.326685
776.85
80.12
0.534672
761.54
60.32
0.536492
694.61
78.86
0.601485
850.00
49.52
0.261085
762.85
41.42
0.623793
484.84
50.61
0.527700
613.52
104.75
0.413096
582.33
25.00
0.576886
729.37
79.49
0.502918
777.44
51.17
0.679676
743.75
88.78
0.274353
636.23
66.13
0.622856
692.28
37.83
0.683040
798.01
25.00
0.370360
798.90
38.83
0.347103
427.61
36.16
0.281496
631.75
65.35
0.413159
709.93
71.29
0.575586
628.43
45.33
0.381455
793.18
51.93
0.325896
781.99
50.69
0.376062
732.94
51.21
0.290057
691.30
63.21
0.313790
759.77
56.49
0.278692
377.97
34.95
0.698531
850.00
59.28
0.541278
676.57
37.81
0.297028
833.35
33.09
0.237549
812.73
25.00
0.388681
674.32
70.76
0.265042
690.98
43.25
0.492795
757.66
25.00
0.617176
766.98
52.73
0.701294
850.00
47.74
0.293731
410.51
25.00
0.269651
620.64
43.86
0.331518
679.58
43.28
0.501605
708.91
36.41
0.596153
591.45
30.55
0.569451
635.91
25.00
0.354947
637.83
61.11
0.749463
614.75
25.00
0.282894
771.89
36.38
0.530811
758.10
25.00
0.569706
630.95
25.54
0.437393
371.86
89.26
0.505344
718.54
25.00
0.491043
834.80
25.00
0.508984
321.88
94.27
0.491880
761.03
44.34
0.338497
732.63
55.19
0.393440
850.00
47.99
0.694110
587.89
81.95
0.609872
813.15
76.64
0.718142
794.87
25.00
0.578319
567.47
25.00
0.676748
721.29
90.53
0.317756
775.44
35.73
0.646980
752.26
64.60
0.344901
396.33
31.73
0.527849
489.23
28.24
0.269816
831.43
62.68
0.578582
734.25
29.16
0.650017
389.74
51.16
0.739045
